cl__1 = 1;
Mesh.MshFileVersion = 2.2;
Point(1) = {-2.000000e-02, -1.500000e-02, 0.000000e+00, 1.000000e-03};
Point(2) = {2.000000e-02, -1.500000e-02, 0.000000e+00, 1.000000e-03};
Point(3) = {2.000000e-02, 1.500000e-02, 0.000000e+00, 1.000000e-03};
Point(4) = {-2.000000e-02, 1.500000e-02, 0.000000e+00, 1.000000e-03};
Point(5) = {8.000000e-03, -1.500000e-02, 0.000000e+00, 1.000000e-03};
Point(6) = {1.120000e-02, -1.500000e-02, 0.000000e+00, 1.000000e-03};
Point(7) = {-1.980000e-02, -1.480000e-02, 0.000000e+00, 2.000000e-04};
Point(8) = {-9.900000e-03, -1.480000e-02, 0.000000e+00, 2.000000e-04};
Point(9) = {-3.980000e-03, -1.480000e-02, 0.000000e+00, 1.000000e-03};
Point(10) = {-3.980000e-03, -8.880000e-03, 0.000000e+00, 2.000000e-04};
Point(11) = {1.940000e-03, -1.480000e-02, 0.000000e+00, 2.000000e-04};
Point(12) = {8.000000e-03, -1.480000e-02, 0.000000e+00, 2.000000e-04};
Point(13) = {8.000000e-03, -1.490000e-02, 0.000000e+00, 1.000000e-03};
Point(14) = {8.100000e-03, -1.490000e-02, 0.000000e+00, 2.000000e-04};
Point(15) = {1.110000e-02, -1.490000e-02, 0.000000e+00, 2.000000e-04};
Point(16) = {1.120000e-02, -1.480000e-02, 0.000000e+00, 2.000000e-04};
Point(17) = {1.120000e-02, -1.490000e-02, 0.000000e+00, 1.000000e-03};
Point(18) = {1.980000e-02, -1.480000e-02, 0.000000e+00, 2.000000e-04};
Point(19) = {1.980000e-02, 1.184000e-02, 0.000000e+00, 2.000000e-04};
Point(20) = {1.386000e-02, 5.920000e-03, 0.000000e+00, 2.000000e-04};
Point(21) = {1.584000e-02, 1.480000e-02, 0.000000e+00, 2.000000e-04};
Point(22) = {-1.980000e-02, 1.480000e-02, 0.000000e+00, 2.000000e-04};
Line(1) = {1, 5};
Line(2) = {6, 2};
Line(3) = {2, 3};
Line(4) = {3, 4};
Line(5) = {4, 1};
Line(6) = {7, 8};
Circle(7) = {8, 9, 10};
Circle(8) = {10, 9, 11};
Line(9) = {11, 12};
Circle(10) = {12, 13, 14};
Circle(11) = {14, 13, 5};
Circle(12) = {16, 17, 15};
Circle(13) = {15, 17, 6};
Line(14) = {16, 18};
Line(15) = {18, 19};
Line(16) = {19, 20};
Line(17) = {20, 21};
Line(18) = {21, 22};
Line(19) = {22, 7};
Curve Loop(20) = {14, 15, 16, 17, 18, 19, 6, 7, 8, 9, 10, 11, -1, -5, -4, -3, -2, -12, -13};
Plane Surface(21) = {20};
Physical Point(22) = {1, 2, 3, 4, 5, 6, 7, 8, 10, 11, 12, 14, 16, 17, 18, 19, 20, 21, 22};
Physical Line(23) = {1, 2, 3, 4, 5, 6, 7, 8, 9, 10, 11, 12, 13, 14, 15, 16, 17, 18, 19};
Physical Surface(24) = {21};
